Symbol  Z       Atomic weight   Density g/cm3   at/cm3          6.02E+23
H       1       1.0079  0.09    5.37744E+22
He      2       4.0026  0.18    2.7082E+22
Li      3       6.941   0.53    4.59838E+22
Be      4       9.0122  1.85    1.23621E+23
B       5       10.811  2.34    1.30347E+23
C       6       12.0107 2.26    1.13316E+23
N       7       14.0067 1.25    5.37434E+22
O       8       15.9994 1.43    5.38249E+22
F       9       18.9984 1.7     5.38868E+22
Ne      10      20.1797 0.9     2.68583E+22
Na      11      22.9897 0.97    2.54091E+22
Mg      12      24.305  1.74    4.31126E+22
Al      13      26.9815 2.7     6.02627E+22
Si      14      28.0855 2.33    4.99602E+22
P       15      30.9738 1.82    3.53857E+22
S       16      32.065  2.07    3.88767E+22
Cl      17      35.453  3.21    5.45259E+22
Ar      18      39.948  1.78    2.68334E+22
K       19      39.0983 0.86    1.32462E+22
Ca      20      40.078  1.55    2.32904E+22
Sc      21      44.9559 2.99    4.0053E+22
Ti      22      47.867  4.54    5.71176E+22
V       23      50.9415 6.11    7.22304E+22
Cr      24      51.9961 7.19    8.32739E+22
Mn      25      54.938  7.43    8.14454E+22
Fe      26      55.845  7.87    8.48674E+22
Co      27      58.9332 8.9     9.09454E+22
Ni      28      58.6934 8.9     9.13169E+22
Cu      29      63.546  8.96    8.49123E+22
Zn      30      65.39   7.13    6.56642E+22
Ga      31      69.723  5.91    5.1046E+22
Ge      32      72.64   5.32    4.41049E+22
As      33      74.9216 5.72    4.59769E+22
Se      34      78.96   4.79    3.65325E+22
Br      35      79.904  3.12    2.35146E+22
Kr      36      83.8    3.75    2.69487E+22
Rb      37      85.4678 1.63    1.14851E+22
Sr      38      87.62   2.54    1.74575E+22
Y       39      88.9059 4.47    3.0278E+22
Zr      40      91.224  6.51    4.29757E+22
Nb      41      92.9064 8.57    5.55502E+22
Mo      42      95.94   10.22   6.41508E+22
Tc      43      98      11.5    7.06679E+22
Ru      44      101.07  12.37   7.37052E+22
Rh      45      102.9055        12.41   7.26246E+22
Pd      46      106.42  12.02   6.80192E+22
Ag      47      107.8682        10.5    5.86201E+22
Cd      48      112.411 8.65    4.63402E+22
In      49      114.818 7.31    3.83405E+22
Sn      50      118.71  7.31    3.70835E+22
Sb      51      121.76  6.68    3.30387E+22
Te      52      127.6   6.24    2.94499E+22
I       53      126.9045        4.93    2.33949E+22
Xe      54      131.293 5.9     2.70621E+22
Cs      55      132.9055        1.87    8.47324E+21
Ba      56      137.327 3.59    1.57431E+22
La      57      138.9055        6.15    2.66628E+22
Ce      58      140.116 6.77    2.90972E+22
Pr      59      140.9077        6.77    2.89337E+22
Nd      60      144.24  7.01    2.92673E+22
Pm      61      145     7.3     3.03183E+22
Sm      62      150.36  7.52    3.01187E+22
Eu      63      151.964 5.24    2.07654E+22
Gd      64      157.25  7.9     3.02543E+22
Tb      65      158.9253        8.23    3.11858E+22
Dy      66      162.5   8.55    3.16857E+22
Ho      67      164.9303        8.8     3.21316E+22
Er      68      167.259 9.07    3.26564E+22
Tm      69      168.9342        9.32    3.32238E+22
Yb      70      173.04  6.9     2.40134E+22
Lu      71      174.967 9.84    3.3868E+22
Hf      72      178.49  13.31   4.49071E+22
Ta      73      180.9479        16.65   5.5413E+22
W       74      183.84  19.35   6.33857E+22
Re      75      186.207 21.04   6.80456E+22
Os      76      190.23  22.6    7.15451E+22
Ir      77      192.217 22.4    7.01789E+22
Pt      78      195.078 21.45   6.6217E+22
Au      79      196.9665        19.32   5.90698E+22
Hg      80      200.59  13.55   4.068E+22
Tl      81      204.3833        11.85   3.49159E+22
Pb      82      207.2   11.35   3.29881E+22
Bi      83      208.9804        9.75    2.80963E+22
Po      84      209     9.3     2.67971E+22
At      85      210     0       0
Rn      86      222     9.73    2.63943E+22
Fr      87      223     0       0
Ra      88      226     5.5     1.46556E+22
Ac      89      227     10.07   2.67149E+22
Th      90      232.0381        11.72   3.04172E+22
Pa      91      231.0359        15.4    4.01413E+22
U       92      238.0289        18.95   4.79435E+22
Np      93      237     20.2    5.13279E+22
Pu      94      244     19.84   4.89669E+22
Am      95      243     13.67   3.38776E+22
Cm      96      247     13.5    3.29145E+22
Bk      97      247     14.78   3.60353E+22
Cf      98      251     15.1    3.62288E+22
Es      99      252     0       0
Fm      100     257     0       0
Md      101     258     0       0
No      102     259     0       0
Lr      103     262     0       0
Rf      104     261     0       0
Db      105     262     0       0
Sg      106     266     0       0
Bh      107     264     0       0
Hs      108     277     0       0
Mt      109     268     0       0

